3,2
3,1
3,3
10,309
10,175
10,174
10,228
10,201
10,195
8,14
8,17
8,13
8,7
8,4
8,2
8,3
77,1
2,2
20,3
20,2
2,1
2,3
20,1
19,3
19,2
19,1
18,3
18,1
14,3
14,1
13,3
13,1
12,3
12,2
12,1
11,30
11,29
11,28
11,27
11,26
11,25
11,24
11,23
11,22
11,21
11,20
11,19
11,18
11,17
11,16
11,15
11,14
11,13
11,12
11,11
11,10
11,9
11,8
11,7
11,6
11,5
11,4
11,3
11,2
11,1
10,314
10,313
10,310
10,308
10,306
10,305
10,302
10,301
10,295
10,294
10,291
10,284
10,281
10,279
10,275
10,271
10,266
10,265
10,255
10,253
10,248
10,241
10,240
10,239
10,235
10,226
10,223
10,222
10,200
10,196
10,185
10,177
10,166
10,159
10,157
10,144
10,141
10,132
10,131
10,126
10,121
10,120
10,116
10,111
10,109
10,108
10,104
10,102
10,92
10,90
